0.08333333333333333 0.75 0.08333333333333333 0.08333333333333333
0.06953086073759386 0.7610628322255444 0.08424911361127317 0.08515719342558851
0.058141630575432514 0.7691543659741923 0.08550341212751068 0.08720059132286449
0.0480958201890409 0.7728933577700549 0.0907563767063058 0.08825444533459854
0.03983618427494199 0.7738752241309221 0.09563811548548488 0.09065047610865086
0.03249260512682198 0.7716667392026368 0.10259539404489097 0.0932452616256503
0.02675772274803896 0.7673270484088801 0.10785879174073347 0.09805643710234717
0.02162303342334472 0.7609568413022177 0.11498310412162982 0.10243702115280766
0.01753835461300257 0.751981050356561 0.12299208645655192 0.10748850857388453
0.014336986562438182 0.739457880234433 0.1316577061063407 0.11454742709678804
0.011604666702761193 0.727526353898999 0.1377304237827092 0.12313855561553058
0.009405200472402358 0.7137410814247257 0.14517423104673405 0.131679487056138
0.0075153851666573965 0.7001542239691116 0.15383366988922495 0.1384967209750059
0.006283187043733735 0.6833513452695757 0.16353707965787342 0.14682838802881706
0.0051059517305222625 0.6644209917770809 0.17552172733720406 0.15495132915519289
0.004249715851893969 0.643582442540732 0.18896249010599145 0.1632053515013826
0.003418454762855781 0.6211374922960964 0.20411147446534106 0.1713325784757068
0.0027984149786502714 0.5981750047607343 0.2193113393919283 0.1797152408686871
0.002392236236127 0.5744326165693876 0.23553831483413445 0.18763683236035097
0.0019892573104658582 0.5471305229078308 0.2527731685564499 0.1981070512252534
0.001585334974326139 0.5180183629599415 0.27106286867804247 0.20933343338768967
0.0011807926272121203 0.48602052388104483 0.29501241870960004 0.21778626478214305
0.0009772418527070161 0.45435776842758374 0.3155467293312785 0.22911826038843083
0.0007747736892243036 0.4222046443629278 0.33933681424471657 0.23768376770313138
0.0007734074594206746 0.39048319760917416 0.36127691920305927 0.24746647572834604
0.0005707389428577484 0.3594446654969791 0.3858664075912234 0.25411818796893976
0.0005661486697211761 0.3291039960302811 0.40868546464448685 0.261644390655511
0.00037705855575786436 0.2923121929966554 0.4385255944295701 0.2687851540180167
0.00018584152043104468 0.2612094882382384 0.46208569922677 0.27651897101456047
0.0001839049981174662 0.23173765849286437 0.48767109689118804 0.28040733961783026
0.00018218861854743965 0.20307456322155554 0.5127520497440187 0.28399119841587833
0.0001805433534658003 0.1749797038773652 0.539839635215358 0.285000117553811
0.0001794945923975169 0.14785482689945556 0.5619571582431802 0.29000852026496676
0.0001781784755555158 0.1208537052865697 0.58730790857643 0.29166020766144485
0.00017531490849630248 0.1019111057493635 0.6076618350440882 0.2902517442980519
0.0001742482059186114 0.08439414812488384 0.6245543224426174 0.29087728122657996
0.00017296411308804173 0.06699985829359334 0.6443326090848892 0.2884945685084294
0 0.04986881287126567 0.6675206099088171 0.28261057721991717
0 0.033058858063068096 0.6846778115477867 0.2822633303891453
0 0.02443990535719945 0.6991637199371746 0.2763963747056259
0 0.016157275746504954 0.7148062374590101 0.269036486794485
0 0.008021002633901589 0.7300365832788366 0.26194241408726177
0 0 0.7441005033497176 0.25589949665028244
0 0 0.7552800109240235 0.2447199890759765
0 0 0.7644797346200927 0.2355202653799073
0 0 0.7762471803853284 0.22375281961467178
0 0 0.7849316684433199 0.21506833155668031
0 0 0.794240492898399 0.20575950710160104
0 0 0.8050884179441307 0.19491158205586928
0 0 0.8137685648428085 0.1862314351571916
0 0 0.8218952238865491 0.17810477611345085
0 0 0.8306243238425765 0.16937567615742347
0 0 0.8396597616120653 0.16034023838793457
0 0 0.8469019772386832 0.1530980227613167
0 0 0.854429174838191 0.14557082516180908
0 0 0.8624906312033681 0.13750936879663195
0 0 0.8720208175767271 0.1279791824232729
0 0 0.8808220448960813 0.11917795510391876
0 0 0.8878511340526005 0.11214886594739962
0 0 0.8946983937480613 0.10530160625193885
0 0 0.9009836846139418 0.09901631538605811
0 0 0.9073286708836183 0.09267132911638173
0 0 0.9135191695860353 0.08648083041396462
0 0 0.9193075645265106 0.08069243547348941
0 0 0.925066478727486 0.07493352127251408
0 0 0.9309417752521969 0.06905822474780317
0 0 0.9355210145521456 0.06447898544785435
0 0 0.9402783140898164 0.059721685910183446
0 0 0.9446190496785183 0.0553809503214816
0 0 0.948845614623417 0.05115438537658308
0 0 0.9530954703711207 0.04690452962887935
0 0 0.9564275912528275 0.043572408747172456
0 0 0.9599223698056348 0.04007763019436511
0 0 0.9628160713597029 0.03718392864029702
0 0 0.9658439033625879 0.03415609663741215
0 0 0.968073478189978 0.03192652181002206
0 0 0.9707985874126304 0.029201412587369552
0 0 0.9731622867296343 0.0268377132703656
0 0 0.9753532387085349 0.024646761291465334
0 0 0.9774825503329654 0.022517449667034707
0 0 0.9792796295766512 0.02072037042334885
0 0 0.9808526084528022 0.019147391547197728
0 0 0.9823670150698044 0.017632984930195626
0 0 0.9838933896504849 0.016106610349514935
0 0 0.9853213928516276 0.014678607148372548
0 0 0.986406544320961 0.013593455679039274
0 0 0.9876704874963307 0.012329512503669473
0 0 0.9886989629603297 0.011301037039670229
0 0 0.9894220243616405 0.01057797563835951
0 0 0.9902259908697223 0.009774009130277723
0 0 0.9911521338280042 0.008847866171996038
0 0 0.9917485138058647 0.008251486194135266
0 0 0.9925307081548892 0.007469291845110803
0 0 0.9932298828897893 0.006770117110210627
0 0 0.9936841119804037 0.006315888019596345
0 0 0.9940539416025062 0.005946058397493806
0 0 0.9946049740795718 0.0053950259204281655
0 0 0.9951979623389972 0.004802037661002813
0 0 0.9955241868055934 0.004475813194406604
0 0 0.9958908611830143 0.004109138816985685
0 0 0.9961161155411861 0.003883884458813877
0 0 0.9963453970905614 0.003654602909438755
0 0 0.9965780129816826 0.003421987018317376
0 0 0.9968036525701689 0.003196347429831185
0 0 0.9970356026267109 0.002964397373289011
0 0 0.9972614983492945 0.0027385016507055207
0 0 0.9974902677728368 0.0025097322271632467
0 0 0.9977212211331955 0.002278778866804482
0 0 0.997718934977128 0.002281065022871983
0 0 0.9979475000306637 0.0020524999693362907
0 0 0.9979495566525382 0.0020504433474618465
0 0 0.9979475000306637 0.0020524999693362907
0 0 0.9979495566525382 0.002050443347461847
0 0 0.9979475000306636 0.0020524999693362907
0 0 0.9979475000306636 0.0020524999693362907
0 0 0.998175963001878 0.0018240369981219141
0 0 0.998175963001878 0.0018240369981219141
0 0 0.9984043239591445 0.0015956760408557117
0 0 0.9984059221264581 0.001594077873541901
0 0 0.9985017924903562 0.0014982075096437956